# Contour path for the equilibrium contour segment.
# This segment belongs to the chemical potential: muBot
# It has the chemical potential:
#    0.00000 eV
#         Re(c) [eV]           Im(c) [eV]                Re(w)                Im(w)
-0.4081739171762E+02  0.1836581371654E-01  0.4250626064758E-04  0.4712789340736E-01
-0.4081717026309E+02  0.9672681775805E-01  0.5206753798487E-03  0.1096101370469E+00
-0.4081601454310E+02  0.2375318548549E+00  0.2005963165433E-02  0.1719519170620E+00
-0.4081263472846E+02  0.4405053159273E+00  0.5061516901730E-02  0.2339178536995E+00
-0.4080518571750E+02  0.7051825889022E+00  0.1023366669090E-01  0.2953279708983E+00
-0.4079128722538E+02  0.1030908141595E+01  0.1804531144581E-01  0.3559775433581E+00
-0.4076805070159E+02  0.1416804537386E+01  0.2898887070940E-01  0.4156263183567E+00
-0.4073211352640E+02  0.1861733839834E+01  0.4351877223680E-01  0.4739927678866E+00
-0.4067968095083E+02  0.2364254283251E+01  0.6204348288632E-01  0.5307502680348E+00
-0.4060657621118E+02  0.2922573991569E+01  0.8491714334386E-01  0.5855250284054E+00
-0.4050829916006E+02  0.3534503551554E+01  0.1124309251542E+00  0.6378958969726E+00
-0.4038009360748E+02  0.4197409391520E+01  0.1448042882426E+00  0.6873961894366E+00
-0.4021702335790E+02  0.4908170053302E+01  0.1821763755331E+00  0.7335176626157E+00
-0.4001405666517E+02  0.5663137541230E+01  0.2245978350952E+00  0.7757167018658E+00
-0.3976615851315E+02  0.6458105971439E+01  0.2720234059589E+00  0.8134227296608E+00
-0.3946838977544E+02  0.7288289715892E+01  0.3243056377579E+00  0.8460487686956E+00
-0.3911601192680E+02  0.8148313128235E+01  0.3811901332507E+00  0.8730040103409E+00
-0.3870459558774E+02  0.9032213745534E+01  0.4423127034622E+00  0.8937081507650E+00
-0.3823013080214E+02  0.9933460576825E+01  0.5071988052299E+00  0.9076071661502E+00
-0.3768913659724E+02  0.1084498871606E+02  0.5752655887626E+00  0.9141901095657E+00
-0.3707876707838E+02  0.1175925105784E+02  0.6458268179586E+00  0.9130064302109E+00
-0.3639691108945E+02  0.1266828735904E+02  0.7181008395389E+00  0.9036832462644E+00
-0.3564228234584E+02  0.1356381029321E+02  0.7912216708066E+00  0.8859419508289E+00
-0.3481449693674E+02  0.1443730750721E+02  0.8642531538003E+00  0.8596135014327E+00
-0.3391413521135E+02  0.1528015803707E+02  0.9362059909131E+00  0.8246517414397E+00
-0.3294278531725E+02  0.1608376079920E+02  0.1006057340051E+01  0.7811441295493E+00
-0.3190306604847E+02  0.1683967227669E+02  0.1072772513361E+01  0.7293193128080E+00
-0.3079862717968E+02  0.1753974999809E+02  0.1135328200226E+01  0.6695510688749E+00
-0.2963412609659E+02  0.1817629798964E+02  0.1192736530290E+01  0.6023582623696E+00
-0.2841518025899E+02  0.1874221009598E+02  0.1244069213039E+01  0.5284006036938E+00
-0.2714829582274E+02  0.1923110693330E+02  0.1288480942918E+01  0.4484701606095E+00
-0.2584077356707E+02  0.1963746227418E+02  0.1325231247678E+01  0.3634787453719E+00
-0.2450059408524E+02  0.1995671487406E+02  0.1353703985211E+01  0.2744414745407E+00
-0.2313628496139E+02  0.2018536213059E+02  0.1373423760573E+01  0.1824569653353E+00
-0.2175677333576E+02  0.2032103250762E+02  0.1384068638240E+01  0.8868478223760E-01
-0.2037122782051E+02  0.2036253433408E+02  0.1385478660178E+01 -0.5679128139140E-02
-0.1898889413843E+02  0.2030987937475E+02  0.1377659841425E+01 -0.9942818438705E-01
-0.1761892909761E+02  0.2016428042916E+02  0.1360783493232E+01 -0.1913712170289E+00
-0.1627023757187E+02  0.1992812310756E+02  0.1335180909829E+01 -0.2803579198959E+00
-0.1495131702852E+02  0.1960491281583E+02  0.1301333638541E+01 -0.3653028415146E+00
-0.1367011383789E+02  0.1919919881383E+02  0.1259859724495E+01 -0.4452071220556E+00
-0.1243389513083E+02  0.1871647795623E+02  0.1211496471440E+01 -0.5191772873974E+00
-0.1124913936520E+02  0.1816308134734E+02  0.1157080381805E+01 -0.5864405472858E+00
-0.1012144805274E+02  0.1754604761776E+02  0.1097525026336E+01 -0.6463562014599E+00
-0.9055480319158E+01  0.1687298684261E+02  0.1033797643213E+01 -0.6984229270061E+00
-0.8054911162149E+01  0.1615193926146E+02  0.9668952773733E+00 -0.7422818927418E+00
-0.7122413471051E+01  0.1539123293016E+02  0.8978212442905E+00 -0.7777158130661E+00
-0.6259663115615E+01  0.1459934424449E+02  0.8275626421751E+00 -0.8046442062189E+00
-0.5467365729372E+01  0.1378476494306E+02  0.7570695476863E+00 -0.8231152533923E+00
-0.4745303232020E+01  0.1295587874517E+02  0.6872364194571E+00 -0.8332947604623E+00
-0.4092397672703E+01  0.1212085023730E+02  0.6188861083387E+00 -0.8354527999708E+00
-0.3506789643055E+01  0.1128752801912E+02  0.5527567409497E+00 -0.8299486560761E+00
-0.2985928308557E+01  0.1046336348729E+02  0.4894916112329E+00 -0.8172147100314E+00
-0.2526670035295E+01  0.9655346002062E+01  0.4296320899736E+00 -0.7977398905394E+00
-0.2125382636480E+01  0.8869954574642E+01  0.3736134502540E+00 -0.7720532755630E+00
-0.1778052414148E+01  0.8113125653777E+01  0.3217634119651E+00 -0.7407083743307E+00
-0.1480391407452E+01  0.7390236097015E+01  0.2743031337274E+00 -0.7042685453709E+00
-0.1227942559033E+01  0.6706099996836E+01  0.2313503273917E+00 -0.6632939236577E+00
-0.1016180853287E+01  0.6064977702454E+01  0.1929241389011E+00 -0.6183301423469E+00
-0.8406088434992E+00  0.5470595136644E+01  0.1589514286840E+00 -0.5698990467110E+00
-0.6968453490444E+00  0.4926171351970E+01  0.1292740929495E+00 -0.5184915136049E+00
-0.5807064515098E+00  0.4434452196850E+01  0.1036570915172E+00 -0.4645624123292E+00
-0.4882782352032E+00  0.3997747961048E+01  0.8179688773061E-01 -0.4085276758634E+00
-0.4159809916420E+00  0.3617972931726E+01  0.6333000007626E-01 -0.3507633956533E+00
-0.3606248309942E+00  0.3296684900143E+01  0.4784152548133E-01 -0.2916068769457E+00
-0.3194568090498E+00  0.3035122784074E+01  0.3487529800595E-01 -0.2313591983646E+00
-0.2901997698323E+00  0.2834240543189E+01  0.2393483359279E-01 -0.1702919784865E+00
-0.2710829974172E+00  0.2694734474600E+01  0.1450758796831E-01 -0.1086496592957E+00
-0.2608623856309E+00  0.2617042550366E+01  0.6055497270767E-02 -0.4673575524075E-01
-0.2548812122181E+00  0.2598827984634E+01  0.9292867561197E-02  0.0000000000000E+00
-0.2395631537094E+00  0.2598827984634E+01  0.2123630783511E-01  0.0000000000000E+00
-0.2127189921360E+00  0.2598827984634E+01  0.3223463847427E-01  0.0000000000000E+00
-0.1755939495492E+00  0.2598827984634E+01  0.4164533288551E-01  0.0000000000000E+00
-0.1301010407274E+00  0.2598827984634E+01  0.4851240980583E-01  0.0000000000000E+00
-0.7908199222012E-01  0.2598827984634E+01  0.5016954922569E-01  0.0000000000000E+00
-0.2636326166250E-01  0.2598827984634E+01  0.3865758878525E-01  0.0000000000000E+00
 0.2735329432633E-01  0.2598827984634E+01  0.1451530005941E-01  0.0000000000000E+00
 0.8903682663245E-01  0.2598827984634E+01  0.2095429461926E-02  0.0000000000000E+00
 0.1631404599946E+00  0.2598827984634E+01  0.1459276568838E-03  0.0000000000000E+00
 0.2501064660409E+00  0.2598827984634E+01  0.5882019927274E-05  0.0000000000000E+00
 0.3508430598901E+00  0.2598827984634E+01  0.1380605761733E-06  0.0000000000000E+00
 0.4673383638830E+00  0.2598827984634E+01  0.1765339321900E-08  0.0000000000000E+00
 0.6028878033785E+00  0.2598827984634E+01  0.1091059993154E-10  0.0000000000000E+00
 0.7630697575378E+00  0.2598827984634E+01  0.2657394215242E-13  0.0000000000000E+00
 0.9586311080035E+00  0.2598827984634E+01  0.1724989411984E-16  0.0000000000000E+00
 0.1217172609312E+01  0.2598827984634E+01  0.1113581743173E-20  0.0000000000000E+00
 0.0000000000000E+00  0.8121337451980E-01  0.0000000000000E+00 -0.1624267490396E+00
 0.0000000000000E+00  0.2436401235594E+00  0.0000000000000E+00 -0.1624267490396E+00
 0.0000000000000E+00  0.4060668725990E+00  0.0000000000000E+00 -0.1624267490396E+00
 0.0000000000000E+00  0.5684936216386E+00  0.0000000000000E+00 -0.1624267490396E+00
 0.0000000000000E+00  0.7309203706782E+00  0.0000000000000E+00 -0.1624267490396E+00
 0.0000000000000E+00  0.8933471197178E+00  0.0000000000000E+00 -0.1624267490396E+00
 0.0000000000000E+00  0.1055773868757E+01  0.0000000000000E+00 -0.1624267490396E+00
 0.0000000000000E+00  0.1218200617797E+01  0.0000000000000E+00 -0.1624267490396E+00
 0.0000000000000E+00  0.1380627366837E+01  0.0000000000000E+00 -0.1624267490396E+00
 0.0000000000000E+00  0.1543054115876E+01  0.0000000000000E+00 -0.1624267490396E+00
 0.0000000000000E+00  0.1705480864916E+01  0.0000000000000E+00 -0.1624267490396E+00
 0.0000000000000E+00  0.1867907613955E+01  0.0000000000000E+00 -0.1624267490396E+00
 0.0000000000000E+00  0.2030334362995E+01  0.0000000000000E+00 -0.1624267490396E+00
 0.0000000000000E+00  0.2192761112035E+01  0.0000000000000E+00 -0.1624267490396E+00
 0.0000000000000E+00  0.2355187861074E+01  0.0000000000000E+00 -0.1624267490396E+00
 0.0000000000000E+00  0.2517614610114E+01  0.0000000000000E+00 -0.1624267490396E+00
